-1 -0.935483870967742 0.4
-0.8709677419354839 -0.8064516129032258 0.2
-0.7419354838709677 -0.6774193548387097 1
-0.6129032258064516 -0.5483870967741935 0.6
-0.4838709677419355 -0.4193548387096774 0.6
-0.3548387096774194 -0.29032258064516125 0.2
-0.22580645161290325 -0.16129032258064513 0.6
-0.09677419354838712 -0.032258064516129004 0.6
0.032258064516129004 -1 0.4
-0.5483870967741935 0.09677419354838701 0
0.16129032258064524 -0.7419354838709677 0.4
-0.8064516129032258 -0.3548387096774194 0.2
-0.29032258064516125 0.22580645161290325 0.6
-0.4838709677419355 0.29032258064516125 0.2
-0.4193548387096774 0.35483870967741926 0.4
-0.22580645161290325 -0.09677419354838712 0.8
-0.16129032258064513 -0.935483870967742 0.2
-0.4838709677419355 -0.032258064516129004 0.8
-0.7419354838709677 -0.22580645161290325 0.6
-0.3548387096774194 -0.4193548387096774 0.4
0.22580645161290325 -0.8064516129032258 0.4
0.032258064516129004 -0.935483870967742 0.2
-0.09677419354838712 -0.16129032258064513 0.4
-0.8709677419354839 -0.6774193548387097 0
-0.29032258064516125 0.09677419354838701 0.8
0.4193548387096775 -0.5483870967741935 0.6
-0.22580645161290325 -0.4838709677419355 0.2
-0.5483870967741935 -0.935483870967742 0.6
-0.032258064516129004 -0.8709677419354839 0.2
-0.8064516129032258 0.09677419354838701 0.2
0.4838709677419355 -0.7419354838709677 0
-0.29032258064516125 -1 0
-0.4193548387096774 -0.6129032258064516 0.6
-0.16129032258064513 0.032258064516129004 0.2
-0.6774193548387097 0.5483870967741935 0.2
-0.4193548387096774 0.09677419354838701 0.6
-0.4838709677419355 -0.09677419354838712 0.6
0.22580645161290325 -0.6774193548387097 0.4
-0.7419354838709677 -0.16129032258064513 0.4
-0.935483870967742 -0.29032258064516125 0.2
-1 -0.8064516129032258 1
-0.8709677419354839 -0.22580645161290325 0.2
-0.3548387096774194 -0.032258064516129004 0.4
-0.8064516129032258 -0.935483870967742 0.4
-0.032258064516129004 -0.6129032258064516 1
-0.29032258064516125 0.032258064516129004 1
-0.16129032258064513 -0.5483870967741935 0.8
-0.6774193548387097 0.09677419354838701 0.2
-0.22580645161290325 -0.3548387096774194 0.4
-0.09677419354838712 -0.8709677419354839 0
-0.7419354838709677 -0.4838709677419355 1
-0.4193548387096774 -1 1
-0.5483870967741935 -0.29032258064516125 0.4
0.6129032258064515 -0.8064516129032258 0.4
-0.3548387096774194 -0.09677419354838712 0.2
-0.032258064516129004 0.09677419354838701 0.4
-0.4838709677419355 -0.16129032258064513 0.4
-1 -0.6774193548387097 0.2
-0.8709677419354839 -0.7419354838709677 0.4
-0.6129032258064516 -0.22580645161290325 0.2
-0.935483870967742 -0.4193548387096774 0.4
-0.4838709677419355 0.35483870967741926 0.6
0.16129032258064524 -1 0.6
-0.22580645161290325 0.09677419354838701 0.4
-0.8064516129032258 -0.5483870967741935 1
-0.09677419354838712 -0.6129032258064516 1
0.6774193548387097 0.5483870967741935 0.6
-0.4193548387096774 0.032258064516129004 0.2
-0.16129032258064513 0.7419354838709677 1
0.29032258064516125 0.8064516129032258 0.4
0.032258064516129004 -0.5483870967741935 0.8
-0.5483870967741935 0.8709677419354838 1
0.032258064516129004 -0.6774193548387097 0.8
-1 -0.22580645161290325 0.4
-0.032258064516129004 0.032258064516129004 0.4
-0.16129032258064513 -0.8064516129032258 0.4
-0.4838709677419355 -0.6129032258064516 1
-0.8709677419354839 -0.3548387096774194 0.4
-0.4193548387096774 -0.29032258064516125 0.8
-0.09677419354838712 -1 0.6
0.6774193548387097 0.935483870967742 0.6
-0.6774193548387097 -0.5483870967741935 0.4
-0.22580645161290325 -0.935483870967742 0.4
-0.6129032258064516 -0.7419354838709677 0.6
-0.8709677419354839 -0.16129032258064513 1
-0.29032258064516125 -0.8064516129032258 0.6
-0.09677419354838712 0.09677419354838701 0.6
-0.935483870967742 0.16129032258064524 0
-0.3548387096774194 -0.4838709677419355 0.8
0.6129032258064515 -0.22580645161290325 0.4
0.4193548387096775 -0.7419354838709677 0.6
-0.5483870967741935 -0.032258064516129004 0.4
-0.8064516129032258 -0.4193548387096774 0
-0.6129032258064516 -0.8709677419354839 0.6
-0.935483870967742 -0.09677419354838712 0
0.09677419354838701 -0.4838709677419355 0.6
-0.29032258064516125 -0.6774193548387097 0.4
-0.3548387096774194 -0.16129032258064513 0.4
-0.8709677419354839 0.09677419354838701 0.4
-0.4838709677419355 -1 0.6
-0.09677419354838712 0.032258064516129004 0
-0.3548387096774194 -0.6129032258064516 0.6
-0.22580645161290325 -0.5483870967741935 0.6
-0.032258064516129004 -0.29032258064516125 1
-0.16129032258064513 -0.4193548387096774 0.2
-0.6774193548387097 -0.8064516129032258 0
0.6774193548387097 0.8064516129032258 0.8
0.09677419354838701 0.032258064516129004 0.2
-0.935483870967742 -0.4838709677419355 0.4
0.032258064516129004 -0.7419354838709677 0.4
-0.8064516129032258 -0.032258064516129004 0.6
-0.5483870967741935 -0.09677419354838712 0.6
-0.6129032258064516 -0.16129032258064513 0.8
-1 -0.8709677419354839 0.2
-0.4193548387096774 -0.6774193548387097 0.2
-0.29032258064516125 1 0
0.09677419354838701 -0.3548387096774194 0.2
-0.032258064516129004 -0.4193548387096774 0.8
0.35483870967741926 -0.935483870967742 0
-0.7419354838709677 -0.5483870967741935 0.4
-1 -0.6129032258064516 0.8
-0.6774193548387097 -0.032258064516129004 0.4
-0.935483870967742 -0.3548387096774194 0.4
-0.8064516129032258 -0.09677419354838712 0.4
0.09677419354838701 -0.16129032258064513 0.8
-0.5483870967741935 -0.4838709677419355 0.4
-0.4193548387096774 -0.22580645161290325 0
-0.29032258064516125 -0.7419354838709677 0.6
0.032258064516129004 -0.8709677419354839 0.6
-0.3548387096774194 0.4193548387096775 0.6